##lat	lon
48.25	16.37	11035	#Austria
#47.16	11.21	11120
#42.65	23.38	15614	#Bulgaria
#45.82	16.03	14120	#Croatia
50.02	14.45	11520	#Czech Republic
59.38	24.58	26038	#Estonia
62.01	-6.76	06011	#Far Oer
#67.37	26.65	02836	#Finland
#60.82	23.50	02963
48.45	-4.42	07110	#France
48.76	2.02	07145
44.83	-0.70	07510
43.86	4.40	07645
41.92	8.80	07761
54.53	9.55	10035	#Germany
54.10	13.40	10184
52.22	14.12	10393
51.40	6.97	10410
50.57	10.38	10548
49.70	7.33	10618
48.83	9.20	10739
49.43	11.90	10771
48.25	11.55	10868
#52.49	9.56	10238
#47.48	11.01	10962
40.52	22.97	16622	#Greece
35.33	25.18	16754
47.43	19.18	12843	#Hungary
46.25	20.10	12982
51.93	-10.25	03953	#Ireland
45.43	9.28	16080	#Italy
44.45	11.62	16144
41.65	12.43	16245
40.65	17.95	16320
37.92	12.50	16429
44.53	7.61	16113
63.70	9.60	01241	#Norway
56.53	3.22	01400
54.75	17.53	12120	#Poland
52.40	20.97	12374
#51.13	16.98	12245
#38.77	-9.13	08579	#Portugal
44.50	26.13	15420	#Romania
59.95	30.70	26063	#Russia
56.35	30.62	26477
54.72	20.55	26702
49.05	20.53	11952	#Slovakia
#46.04	14.31	14015	#Slovenia
65.55	22.13	02185	#Sweden
57.67	12.30	02527
62.32	17.28	02365
57.39	18.21	02591
46.82	6.95	06610	#Switzerland
60.13	-1.18	03005	#United Kingdom
#52.13	-4.57	03502
#51.20	-1.80	03743
50.22	-5.32	03808
50.90	0.32	03882
53.00	-1.15	03354
54.50	-6.35	03918
44.46	20.25	13275	#Yugoslavia
