#
#03005  Lerwick Observations at 00Z 09 Oct 2017
#-----------------------------------------------------------------------------
#   PRES   HGHT   TEMP   DWPT   RELH   MIXR   DRCT   SKNT   THTA   THTE   THTV
#    hPa     m      C      C      %    g/kg    deg   knot     K      K      K 
#-----------------------------------------------------------------------------
 1004.0     82    9.6    9.0     96   7.22    160     14  282.4  302.5  283.7
 1003.0     91    9.5    8.9     96   7.18    160     10  282.4  302.3  283.6
 1000.0    118    9.2    8.6     96   7.06    160     12  282.4  301.9  283.6
  993.0    176    8.7    8.5     98   7.05    160     17  282.4  302.0  283.6
  988.0    218    8.4    8.4    100   7.04    162     17  282.5  302.1  283.7
  968.0    386    7.4    7.4    100   6.72    170     19  283.2  301.9  284.3
  936.0    663    5.8    5.8    100   6.21    177     18  284.3  301.8  285.3
  925.0    760    5.6    5.5     99   6.16    180     17  285.0  302.4  286.1
  918.0    822    5.3    5.1     99   6.05    185     18  285.4  302.5  286.4
  898.0   1002    4.6    4.1     97   5.75    203     13  286.4  302.8  287.4
  891.0   1066    4.4    2.9     90   5.33    210     11  286.8  302.1  287.8
  873.0   1232    3.8   -0.1     76   4.37    238      9  287.9  300.6  288.7
  871.0   1251    4.0   -1.0     70   4.10    241      9  288.3  300.3  289.0
  868.0   1279    4.0   -2.0     65   3.82    246      9  288.6  299.8  289.3
  865.0   1307    4.0   -0.2     74   4.38    251      8  288.9  301.7  289.6
  860.0   1355    4.6   -0.4     70   4.34    259      8  290.0  302.7  290.7
  853.0   1421    4.3   -0.7     70   4.29    270      7  290.4  303.0  291.1
  850.0   1450    4.2   -0.8     70   4.26    275      7  290.5  303.1  291.3
  842.0   1527    3.6   -1.0     72   4.24    285     10  290.6  303.1  291.4
  835.0   1595    3.0   -1.2     74   4.22    291     13  290.8  303.2  291.5
  833.0   1614    3.0   -1.4     73   4.16    293     14  290.9  303.2  291.7
  831.0   1634    3.1   -0.5     77   4.45    295     15  291.3  304.4  292.1
  827.0   1673    3.4    1.2     86   5.07    292     15  292.0  306.9  292.9
  820.0   1742    3.2    0.1     80   4.72    285     16  292.5  306.4  293.3
  814.0   1801    2.8    0.0     82   4.73    280     16  292.6  306.6  293.5
  805.0   1891    2.1   -0.1     85   4.73    280     15  292.9  306.9  293.7
  793.0   2012    1.2   -0.3     90   4.74    294     14  293.1  307.2  294.0
  792.0   2023    1.1   -0.2     91   4.80    295     14  293.2  307.4  294.0
  787.0   2074    0.8    0.5     98   5.07    295     13  293.4  308.3  294.2
  780.0   2145    0.4   -0.1     96   4.89    270     12  293.7  308.2  294.5
  775.0   2197    0.2   -2.1     85   4.25    265     12  294.0  306.7  294.8
  773.0   2218    0.0   -3.3     78   3.90    268     11  294.0  305.7  294.7
  768.0   2270   -0.4   -3.4     81   3.90    275     10  294.1  305.8  294.8
  759.0   2364   -1.2   -3.5     85   3.91    270      8  294.2  306.0  294.9
  758.0   2374   -1.3   -3.5     85   3.91    270      8  294.2  306.0  294.9
  749.0   2470   -1.7   -4.0     84   3.81    270     10  294.8  306.3  295.5
  738.0   2587   -2.3   -2.9     96   4.21    270     12  295.4  308.1  296.2
  736.0   2609   -2.4   -2.9     96   4.22    270     12  295.6  308.3  296.3
  730.0   2674   -2.5   -2.9     97   4.25    263     12  296.1  308.9  296.9
  728.0   2696   -2.6   -3.0     97   4.22    260     12  296.2  308.9  297.0
  721.0   2772   -3.1   -3.5     97   4.11    260     12  296.6  309.0  297.3
  711.0   2883   -3.7   -4.2     96   3.96    280     10  297.0  309.1  297.7
  700.0   3006   -4.5   -6.4     87   3.40    280      7  297.5  307.9  298.1
  699.0   3017   -4.5   -6.5     86   3.37    280      7  297.5  307.9  298.1
  696.0   3051   -4.7   -6.9     85   3.29    282      7  297.7  307.9  298.3
  672.0   3324   -6.2   -8.0     87   3.13    295     10  299.0  308.7  299.6
  657.0   3500   -7.2   -8.7     89   3.03    280     14  299.9  309.3  300.4
  642.0   3679   -8.2   -9.4     91   2.92    295     16  300.7  309.9  301.2
  620.0   3951   -9.8  -10.5     94   2.78    275     22  301.9  310.7  302.5
  615.0   4014  -10.1  -10.8     95   2.74    275     22  302.2  310.9  302.8
  596.0   4254  -11.3  -12.6     90   2.45    275     24  303.6  311.4  304.1
  589.0   4345  -11.7  -13.3     88   2.34    280     23  304.1  311.7  304.6
  585.0   4397  -11.7  -13.4     87   2.34    282     22  304.7  312.3  305.2
  581.0   4449  -12.1  -13.7     88   2.30    285     21  304.9  312.3  305.4
  570.0   4594  -13.0  -14.5     88   2.19    280     22  305.5  312.6  305.9
  532.0   5117  -16.5  -17.5     92   1.83    290     25  307.4  313.4  307.7
  516.0   5346  -17.9  -19.6     87   1.58    293     23  308.4  313.6  308.7
  503.0   5535  -19.2  -20.6     88   1.48    295     22  309.0  314.0  309.3
  500.0   5580  -19.5  -20.9     89   1.45    290     22  309.2  314.1  309.5
  473.0   5990  -22.5  -24.6     83   1.11    286     28  310.4  314.2  310.6
  467.0   6083  -23.3  -25.2     84   1.06    285     29  310.6  314.3  310.8
  453.0   6306  -25.1  -26.8     86   0.95    285     28  311.0  314.3  311.2
  444.0   6451  -25.9  -27.9     84   0.87    285     27  311.7  314.8  311.9
  425.0   6767  -27.8  -30.3     79   0.73    300     23  313.3  315.9  313.4
  420.0   6852  -28.3  -31.0     78   0.69    299     22  313.7  316.2  313.9
  414.0   6955  -29.1  -32.3     74   0.62    298     21  314.0  316.2  314.1
  401.0   7182  -30.9  -33.5     78   0.57    295     18  314.5  316.6  314.6
  400.0   7200  -30.9  -33.5     78   0.57    295     18  314.8  316.8  314.9
  376.0   7634  -34.7  -37.5     76   0.41    290     14  315.3  316.8  315.4
  366.0   7823  -36.4  -39.2     75   0.35    270     16  315.5  316.8  315.6
  362.0   7900  -37.1  -39.9     75   0.33    273     17  315.6  316.8  315.6
  360.0   7938  -37.3  -40.5     72   0.31    275     18  315.8  317.0  315.9
  358.0   7977  -37.5  -41.2     68   0.29    274     19  316.0  317.1  316.1
  353.0   8073  -38.4  -41.9     70   0.28    270     21  316.1  317.2  316.2
  339.0   8351  -40.9  -43.8     73   0.23    270     23  316.4  317.3  316.4
  338.0   8371  -41.1  -44.0     73   0.23    270     23  316.4  317.3  316.4
  333.0   8472  -41.9  -45.0     72   0.21    273     25  316.6  317.4  316.6
  329.0   8554  -42.7  -47.2     61   0.17    275     27  316.6  317.3  316.6
  327.0   8595  -43.3  -46.9     67   0.17    274     27  316.3  317.0  316.4
  320.0   8741  -44.5  -48.6     63   0.15    271     27  316.6  317.2  316.7
  317.0   8804  -45.1  -48.8     66   0.14    270     27  316.7  317.2  316.7
  312.0   8910  -46.1  -49.2     71   0.14    266     26  316.7  317.2  316.7
  310.0   8953  -46.5  -49.9     68   0.13    265     25  316.7  317.2  316.8
  308.0   8996  -46.7  -49.5     73   0.14    265     26  317.0  317.6  317.1
  305.0   9061  -47.1  -48.2     88   0.16    265     28  317.4  318.0  317.4
  303.0   9104  -47.3  -49.1     82   0.14    265     30  317.7  318.2  317.7
  302.0   9126  -47.7  -51.3     66   0.11    265     31  317.4  317.9  317.4
  301.0   9148  -47.7  -51.7     63   0.11    265     31  317.7  318.1  317.7
  300.0   9170  -48.1  -51.7     66   0.11    265     32  317.4  317.9  317.5
  297.0   9236  -48.5  -49.6     88   0.14    265     32  317.8  318.4  317.8
  296.0   9258  -48.9  -50.4     84   0.13    265     32  317.5  318.0  317.6
  295.0   9281  -49.1  -51.5     75   0.11    265     32  317.6  318.0  317.6
  294.0   9303  -49.3  -52.7     67   0.10    266     32  317.6  318.0  317.6
  293.0   9325  -49.5  -53.4     63   0.09    267     33  317.6  318.0  317.6
  290.0   9393  -49.7  -52.2     75   0.11    271     34  318.3  318.7  318.3
  289.0   9415  -50.1  -52.9     72   0.10    272     35  318.0  318.4  318.0
  286.0   9484  -50.4  -52.5     78   0.10    275     36  318.5  318.9  318.5
  285.0   9506  -50.5  -52.4     80   0.11    274     36  318.7  319.1  318.7
  280.0   9622  -51.3  -54.1     72   0.09    270     38  319.2  319.5  319.2
  277.0   9692  -51.7  -54.3     73   0.09    268     39  319.6  319.9  319.6
  274.0   9762  -52.3  -55.3     69   0.08    265     40  319.7  320.0  319.7
  271.0   9834  -52.9  -56.4     66   0.07    269     40  319.8  320.1  319.9
  263.0  10026  -54.5  -57.6     68   0.06    281     41  320.2  320.5  320.2
  257.0  10174  -55.3  -59.3     61   0.05    290     41  321.2  321.4  321.2
  251.0  10325  -56.1  -59.7     64   0.05    290     42  322.2  322.4  322.2
  250.0  10350  -56.3  -60.0     63   0.05    290     42  322.2  322.4  322.2
  248.0  10401  -56.5  -60.9     57   0.04    290     42  322.7  322.9  322.7
  243.0  10530  -55.9  -65.9     27   0.02    287     43  325.5  325.6  325.5
  240.0  10608  -55.9  -67.9     21   0.02    286     44  326.6  326.7  326.6
  239.0  10635  -55.8  -68.2     20   0.02    285     44  327.1  327.2  327.1
  217.0  11250  -53.7  -74.7      6   0.01    288     35  339.6  339.6  339.6
  205.0  11613  -55.4  -78.1      4   0.00    290     29  342.4  342.5  342.4
  203.0  11675  -55.7  -78.7      4   0.00    288     30  342.9  343.0  342.9
  200.0  11770  -54.9  -78.9      4   0.00    285     31  345.7  345.7  345.7
  198.0  11834  -54.4  -79.0      3   0.00    280     30  347.5  347.5  347.5
  194.0  11965  -53.3  -79.3      3   0.00    284     30  351.2  351.3  351.2
  183.0  12338  -53.8  -80.5      2   0.00    295     30  356.3  356.3  356.3
  169.0  12847  -54.6  -82.2      2   0.00    285     27  363.2  363.2  363.2
  165.0  13001  -54.8  -82.7      2   0.00    300     28  365.4  365.4  365.4
  155.0  13400  -55.4  -84.0      2   0.00    295     26  370.9  370.9  370.9
  150.0  13610  -55.7  -84.7      2   0.00    305     25  373.9  373.9  373.9
  149.0  13652  -55.7  -84.8      2   0.00    305     25  374.5  374.6  374.5
  138.0  14140  -56.2  -86.0      1   0.00    285     26  381.9  381.9  381.9
  134.0  14326  -56.5  -86.4      1   0.00    290     33  384.8  384.8  384.8
  133.0  14374  -56.5  -86.5      1   0.00    293     31  385.6  385.6  385.6
  129.0  14568  -56.0  -86.0      1   0.00    305     25  389.9  389.9  389.9
  127.0  14667  -55.7  -85.7      1   0.00    302     20  392.1  392.1  392.1
  126.0  14717  -56.0  -85.8      1   0.00    300     18  392.4  392.4  392.4
  123.0  14870  -57.1  -86.1      1   0.00    285     23  393.2  393.2  393.2
  120.0  15027  -56.9  -86.3      1   0.00    290     23  396.4  396.4  396.4
  115.0  15296  -56.4  -86.8      1   0.00    280     31  402.0  402.0  402.0
  113.0  15407  -56.3  -86.9      1   0.00    290     35  404.4  404.4  404.4
  111.0  15521  -56.1  -87.1      1   0.00    297     29  406.8  406.8  406.8
  107.0  15753  -57.1  -87.5      1   0.00    310     18  409.1  409.1  409.1
  106.0  15812  -57.4  -87.7      1   0.00    305     15  409.7  409.7  409.7
  104.0  15933  -57.9  -87.9      1   0.00    290     18  410.9  411.0  410.9
  100.0  16180  -57.3  -88.3      1   0.00    295     19  416.7  416.8  416.7
