#03354  Nottingham Observations at 00Z 09 Oct 2017
#
#-----------------------------------------------------------------------------
#   PRES   HGHT   TEMP   DWPT   RELH   MIXR   DRCT   SKNT   THTA   THTE   THTV
#    hPa     m      C      C      %    g/kg    deg   knot     K      K      K 
#-----------------------------------------------------------------------------
 1007.0    117   11.4   10.7     95   8.08    240      4  284.0  306.4  285.4
 1005.0    134   11.6   11.1     97   8.32    249      5  284.3  307.5  285.8
 1000.0    175   11.8   10.6     92   8.08    270      6  284.9  307.5  286.3
  990.0    259   12.2    9.9     86   7.79    287      9  286.2  308.1  287.5
  985.0    302   12.5    8.8     78   7.27    295     10  286.9  307.5  288.2
  984.0    310   12.6    8.6     77   7.17    295     10  287.1  307.4  288.3
  961.0    508   10.9    8.0     82   7.04    295     11  287.3  307.3  288.5
  931.0    772    8.7    7.2     90   6.87    270     12  287.6  307.2  288.8
  925.0    826    8.2    7.0     92   6.84    270     14  287.7  307.1  288.9
  921.0    862    8.0    6.8     92   6.77    273     15  287.8  307.1  289.0
  918.0    889    9.4    4.8     73   5.91    275     16  289.5  306.6  290.6
  917.0    898    9.4    4.8     73   5.91    276     16  289.6  306.7  290.7
  911.0    952    9.1    4.6     73   5.87    280     17  289.9  306.9  290.9
  901.0   1044    8.6    4.3     74   5.81    284     16  290.3  307.1  291.3
  872.0   1312    6.0    3.8     86   5.79    295     13  290.3  307.1  291.3
  855.0   1474    4.5    3.5     93   5.78    295     15  290.3  307.1  291.3
  850.0   1522    4.0    3.4     96   5.78    295     14  290.3  307.1  291.3
  842.0   1599    3.2    3.2    100   5.75    305     13  290.3  306.9  291.3
  830.0   1715    2.4    2.4    100   5.51    320     11  290.6  306.6  291.6
  825.0   1764    2.1    1.3     94   5.11    315     10  290.8  305.7  291.7
  823.0   1784    2.0    0.8     92   4.95    309     10  290.9  305.4  291.8
  820.0   1813    2.4    0.6     88   4.90    301     10  291.6  306.0  292.5
  818.0   1833    2.4    0.8     89   4.98    295     10  291.9  306.5  292.7
  808.0   1933    2.5    1.7     94   5.39    270      9  293.0  308.9  294.0
  804.0   1973    2.6    2.1     97   5.57    265     10  293.5  309.9  294.5
  803.0   1983    2.6    2.2     97   5.62    265     10  293.6  310.1  294.6
  798.0   2033    2.8    1.6     92   5.41    263     13  294.3  310.3  295.3
  795.0   2064    3.0    0.5     84   5.02    262     14  294.9  309.8  295.8
  791.0   2105    3.4   -4.6     56   3.45    261     16  295.7  306.2  296.3
  790.0   2115    3.6   -4.4     56   3.51    260     17  296.0  306.7  296.7
  789.0   2125    3.7   -4.0     57   3.62    260     17  296.2  307.2  296.9
  787.0   2146    3.8   -3.2     60   3.86    260     17  296.6  308.3  297.3
  781.0   2208    3.8   -4.2     56   3.60    260     15  297.2  308.2  297.9
  772.0   2302    3.2   -3.8     60   3.76    260     14  297.6  309.0  298.2
  760.0   2429    2.2   -2.8     70   4.11    260     11  297.8  310.3  298.6
  758.0   2450    2.2   -1.3     78   4.62    260     11  298.0  312.0  298.9
  757.0   2461    2.2   -0.5     82   4.90    260     11  298.1  312.9  299.0
  754.0   2493    1.8    0.3     90   5.21    262     11  298.1  313.7  299.0
  752.0   2515    1.6   -0.3     87   5.00    263     11  298.1  313.1  299.0
  749.0   2547    1.4    0.1     91   5.17    264     11  298.2  313.8  299.1
  738.0   2666    0.7   -1.4     86   4.71    270     12  298.6  312.9  299.5
  737.0   2677    0.6   -1.5     86   4.67    271     12  298.7  312.9  299.5
  729.0   2764    0.2   -1.4     89   4.74    280     13  299.2  313.6  300.0
  720.0   2864   -0.3   -1.4     92   4.82    280     14  299.7  314.4  300.6
  700.0   3089   -2.1   -2.1    100   4.71    280     15  300.1  314.5  301.0
  692.0   3180   -2.8   -2.8    100   4.52    280     15  300.3  314.2  301.2
  675.0   3377   -4.3   -4.3    100   4.14    280     21  300.8  313.5  301.6
  672.0   3412   -4.9   -5.9     93   3.68    280     22  300.5  311.9  301.2
  668.0   3459   -4.9   -5.5     96   3.82    280     23  301.0  312.8  301.7
  665.0   3495   -4.7   -4.7    100   4.08    281     23  301.6  314.2  302.4
  643.0   3759   -6.9   -6.9    100   3.56    292     26  302.1  313.2  302.7
  641.0   3783   -7.3   -8.4     92   3.18    293     27  301.9  311.8  302.4
  638.0   3820   -7.8  -12.4     69   2.32    295     27  301.7  309.1  302.1
  636.0   3844   -8.1  -15.1     57   1.87    294     27  301.6  307.7  302.0
  635.0   3856   -7.9  -13.9     62   2.07    294     27  302.0  308.6  302.4
  630.0   3918   -7.1  -15.1     53   1.89    292     28  303.6  309.7  303.9
  627.0   3955   -6.9  -19.9     35   1.26    291     29  304.2  308.5  304.5
  624.0   3993   -6.6  -20.9     31   1.16    290     29  304.9  308.9  305.2
  620.0   4043   -6.3  -22.3     27   1.04    289     29  305.9  309.4  306.1
  619.0   4056   -6.3  -20.3     32   1.24    289     29  306.0  310.2  306.3
  618.0   4068   -6.7  -12.7     62   2.34    289     28  305.7  313.3  306.2
  615.0   4106   -6.9  -11.6     69   2.57    288     28  305.9  314.2  306.4
  610.0   4170   -7.1  -19.1     38   1.39    287     28  306.4  311.1  306.7
  607.0   4208   -7.3  -14.3     57   2.09    286     27  306.6  313.4  307.0
  605.0   4234   -7.5  -14.5     57   2.07    285     27  306.7  313.4  307.1
  603.0   4260   -7.5  -16.5     49   1.76    285     27  307.0  312.8  307.3
  601.0   4286   -7.7  -16.7     48   1.73    285     27  307.0  312.8  307.3
  599.0   4312   -7.5  -23.5     27   0.97    286     27  307.5  310.9  307.7
  598.0   4325   -7.3  -25.3     22   0.82    286     27  307.9  310.8  308.1
  593.0   4390   -7.1  -23.1     27   1.01    287     27  308.9  312.4  309.1
  582.0   4536   -8.1  -22.1     31   1.12    290     26  309.4  313.2  309.6
  581.0   4549   -8.2  -22.4     31   1.09    290     26  309.4  313.2  309.6
  571.0   4684   -8.9  -25.9     24   0.82    297     24  310.1  313.0  310.3
  566.0   4752   -9.4  -25.1     27   0.88    300     23  310.3  313.4  310.5
  556.0   4889  -10.5  -23.5     34   1.04    291     22  310.6  314.2  310.8
  555.0   4903  -10.6  -23.7     33   1.02    290     22  310.7  314.2  310.9
  550.0   4973  -10.9  -24.9     31   0.93    287     23  311.1  314.3  311.3
  546.0   5029  -10.9  -33.9     13   0.40    285     23  311.8  313.2  311.8
  541.0   5099  -11.1  -27.1     25   0.77    283     23  312.3  315.1  312.5
  536.0   5170  -11.5  -27.5     25   0.75    280     24  312.6  315.3  312.8
  525.0   5329  -12.5  -28.5     25   0.70    280     25  313.3  315.8  313.5
  521.0   5388  -13.1  -28.1     27   0.73    280     26  313.3  315.9  313.4
  518.0   5432  -13.4  -23.1     44   1.15    280     26  313.5  317.5  313.7
  517.0   5446  -13.5  -21.5     51   1.33    280     26  313.5  318.1  313.8
  516.0   5461  -13.5  -21.5     51   1.34    281     26  313.7  318.3  313.9
  514.0   5491  -13.7  -21.7     51   1.32    281     26  313.8  318.3  314.0
  512.0   5520  -13.9  -20.9     55   1.42    282     26  313.9  318.8  314.2
  510.0   5550  -14.1  -22.1     51   1.28    282     26  314.0  318.4  314.2
  509.0   5565  -14.1  -26.1     36   0.90    282     26  314.2  317.4  314.4
  508.0   5580  -14.1  -30.1     25   0.62    283     25  314.4  316.6  314.5
  506.0   5610  -14.3  -31.3     22   0.56    283     25  314.5  316.5  314.6
  504.0   5640  -14.5  -28.5     29   0.73    284     25  314.6  317.2  314.7
  502.0   5670  -14.7  -26.7     35   0.86    284     25  314.7  317.8  314.9
  500.0   5700  -15.1  -26.1     39   0.91    285     25  314.6  317.8  314.7
  497.0   5746  -15.5  -25.5     42   0.97    286     25  314.6  318.1  314.8
  496.0   5761  -15.7  -26.7     38   0.87    286     25  314.6  317.6  314.7
  493.0   5807  -16.1  -23.1     55   1.22    286     25  314.6  318.8  314.8
  490.0   5853  -16.5  -23.5     55   1.18    287     25  314.7  318.8  314.9
  488.0   5883  -16.7  -25.7     46   0.97    287     25  314.8  318.2  315.0
  485.0   5930  -17.1  -24.1     55   1.13    288     24  314.9  318.8  315.1
  483.0   5961  -17.5  -25.5     50   1.00    288     24  314.7  318.3  314.9
  481.0   5992  -17.7  -24.7     54   1.08    289     24  314.9  318.6  315.1
  480.0   6008  -17.7  -27.7     41   0.82    289     24  315.1  318.0  315.2
  479.0   6023  -17.7  -27.7     41   0.82    289     24  315.2  318.2  315.4
  478.0   6039  -17.9  -27.9     41   0.81    289     24  315.2  318.1  315.3
  476.0   6070  -18.1  -24.1     59   1.15    290     24  315.3  319.3  315.5
  475.0   6086  -18.2  -24.5     58   1.11    290     24  315.3  319.2  315.5
  472.0   6133  -18.7  -25.7     54   1.01    291     25  315.3  318.9  315.5
  471.0   6149  -18.7  -26.7     49   0.92    291     26  315.5  318.8  315.7
  469.0   6181  -18.7  -31.7     31   0.58    292     27  315.9  318.0  316.0
  467.0   6213  -18.9  -31.9     31   0.57    293     28  316.0  318.1  316.1
  464.0   6261  -19.1  -35.1     23   0.42    294     29  316.4  317.9  316.4
  460.0   6325  -19.5  -35.5     23   0.41    295     31  316.7  318.2  316.7
  456.0   6390  -19.9  -35.9     23   0.39    291     30  316.9  318.4  317.0
  452.0   6456  -20.3  -36.3     23   0.38    288     30  317.2  318.7  317.3
  451.0   6472  -20.5  -33.5     30   0.50    287     29  317.2  319.1  317.3
  450.0   6489  -20.7  -32.7     33   0.55    286     29  317.1  319.2  317.2
  449.0   6505  -20.8  -34.8     27   0.45    285     29  317.2  318.9  317.3
  448.0   6522  -20.9  -36.9     22   0.36    285     29  317.3  318.7  317.4
  446.0   6555  -21.3  -33.3     33   0.52    285     29  317.2  319.1  317.3
  441.0   6638  -22.1  -33.1     36   0.54    285     30  317.2  319.2  317.3
  437.0   6705  -22.7  -31.7     44   0.62    285     30  317.3  319.5  317.4
  434.0   6756  -22.9  -32.9     40   0.56    289     30  317.6  319.7  317.8
  432.0   6790  -23.1  -36.1     29   0.41    291     30  317.8  319.3  317.9
  429.0   6841  -23.2  -38.5     23   0.32    295     30  318.3  319.5  318.3
  428.0   6858  -23.3  -39.3     22   0.30    295     30  318.4  319.5  318.5
  414.0   7100  -25.2  -39.7     25   0.29    290     33  319.0  320.1  319.1
  409.0   7189  -25.9  -39.9     26   0.29    292     33  319.2  320.3  319.3
  404.0   7278  -26.8  -38.6     32   0.34    295     32  319.2  320.5  319.3
  402.0   7314  -27.1  -38.1     34   0.36    295     32  319.2  320.6  319.3
  400.0   7350  -27.3  -39.3     31   0.32    295     31  319.4  320.6  319.5
  398.0   7386  -27.5  -39.5     31   0.31    293     31  319.6  320.8  319.7
  394.0   7459  -28.1  -40.1     31   0.30    290     32  319.8  320.9  319.8
  390.0   7532  -28.7  -38.7     38   0.35    286     33  319.9  321.2  320.0
  389.0   7550  -28.9  -38.9     38   0.34    285     33  319.9  321.2  320.0
  384.0   7642  -29.7  -39.7     37   0.32    285     34  320.0  321.2  320.1
  381.0   7698  -30.1  -39.1     41   0.34    284     34  320.2  321.5  320.3
  364.0   8021  -33.1  -41.1     45   0.29    283     37  320.4  321.5  320.5
  354.0   8216  -34.3  -44.3     36   0.21    282     39  321.4  322.2  321.4
  350.0   8296  -34.9  -43.9     39   0.22    281     39  321.6  322.5  321.6
  347.0   8355  -35.5  -42.5     49   0.26    281     40  321.6  322.6  321.6
  340.0   8496  -36.7  -42.5     55   0.27    280     41  321.8  322.8  321.8
  327.0   8765  -39.1  -42.5     70   0.28    282     44  322.1  323.2  322.2
  320.0   8913  -40.5  -43.9     70   0.24    282     45  322.2  323.1  322.2
  318.0   8956  -40.7  -43.9     71   0.25    283     46  322.5  323.4  322.5
  317.0   8977  -40.5  -42.5     81   0.29    283     46  323.0  324.2  323.1
  311.0   9107  -41.7  -44.7     72   0.23    284     47  323.1  324.0  323.2
  310.0   9129  -41.9  -45.9     65   0.20    284     48  323.1  324.0  323.2
  305.0   9239  -42.5  -44.0     85   0.25    284     49  323.8  324.8  323.9
  304.0   9261  -42.7  -44.4     83   0.24    284     49  323.8  324.8  323.9
  301.0   9328  -43.3  -44.9     84   0.23    285     50  323.9  324.8  324.0
  300.0   9350  -43.5  -44.8     87   0.24    285     50  323.9  324.9  324.0
  299.0   9372  -43.7  -44.7     90   0.24    285     50  324.0  324.9  324.0
  295.0   9462  -44.5  -45.9     86   0.21    285     50  324.1  324.9  324.1
  293.0   9507  -44.9  -47.1     78   0.19    285     50  324.1  324.9  324.2
  286.0   9667  -46.3  -48.3     80   0.17    285     51  324.4  325.1  324.4
  284.0   9713  -46.9  -48.4     85   0.17    285     51  324.2  324.9  324.2
  282.0   9760  -47.3  -49.6     77   0.15    285     51  324.3  324.9  324.3
  278.0   9853  -48.1  -49.6     84   0.15    285     52  324.4  325.0  324.5
  275.0   9924  -48.7  -51.7     71   0.12    285     52  324.6  325.1  324.6
  273.0   9972  -49.1  -51.5     76   0.12    285     52  324.7  325.2  324.7
  270.0  10044  -49.5  -52.3     72   0.11    285     52  325.1  325.6  325.1
  266.0  10141  -50.3  -52.1     81   0.12    285     53  325.3  325.8  325.4
  262.0  10239  -50.9  -52.8     80   0.11    285     53  325.9  326.3  325.9
  260.0  10288  -51.3  -54.4     69   0.09    285     53  326.0  326.4  326.0
  259.0  10313  -51.5  -55.2     64   0.08    285     53  326.1  326.4  326.1
  256.0  10388  -52.1  -54.7     73   0.09    285     52  326.3  326.6  326.3
  250.0  10540  -53.5  -56.6     69   0.07    285     51  326.4  326.7  326.4
  246.0  10644  -54.5  -56.1     82   0.08    286     52  326.4  326.7  326.4
  243.0  10723  -55.3  -58.8     65   0.06    286     52  326.4  326.6  326.4
  242.0  10750  -55.5  -60.5     54   0.05    286     52  326.4  326.6  326.5
  241.0  10776  -55.5  -64.5     32   0.03    287     52  326.8  326.9  326.8
  240.0  10803  -55.5  -65.5     28   0.02    287     52  327.2  327.3  327.2
  237.0  10883  -55.9  -63.9     36   0.03    287     53  327.8  327.9  327.8
  228.0  11130  -57.3  -64.3     41   0.03    289     54  329.3  329.4  329.3
  225.0  11214  -57.9  -62.9     53   0.04    290     55  329.6  329.8  329.6
  223.0  11271  -57.9  -63.9     46   0.03    290     55  330.5  330.6  330.5
  218.0  11415  -58.1  -66.1     35   0.02    290     56  332.3  332.4  332.3
  207.0  11742  -58.5  -68.3     27   0.02    290     58  336.7  336.8  336.7
  200.0  11960  -58.7  -69.7     23   0.02    295     58  339.6  339.7  339.6
  194.0  12151  -58.7  -71.7     17   0.01    296     56  342.6  342.7  342.6
  190.0  12281  -59.3  -72.3     17   0.01    297     54  343.7  343.8  343.7
  180.0  12620  -58.3  -76.3      8   0.01    299     50  350.7  350.7  350.7
  175.0  12797  -58.9  -77.2      8   0.01    300     48  352.6  352.6  352.6
  166.0  13127  -59.9  -78.9      7   0.00    300     55  356.2  356.2  356.2
  165.0  13165  -59.9  -79.2      6   0.00    300     56  356.9  356.9  356.9
  155.0  13555  -59.4  -81.7      4   0.00    310     45  364.2  364.2  364.2
  150.0  13760  -59.1  -83.1      3   0.00    305     36  368.1  368.1  368.1
  149.0  13802  -59.1  -83.2      3   0.00    300     35  368.8  368.8  368.8
  145.0  13972  -59.1  -83.8      3   0.00    295     37  371.6  371.7  371.6
  143.0  14059  -59.1  -84.1      3   0.00    298     39  373.1  373.1  373.1
  138.0  14281  -60.3  -84.3      3   0.00    305     44  374.8  374.8  374.8
  135.0  14418  -60.0  -84.6      3   0.00    310     42  377.6  377.7  377.6
  126.0  14849  -59.2  -85.7      2   0.00    295     38  386.7  386.7  386.7
  120.0  15154  -58.6  -86.4      2   0.00    320     30  393.2  393.2  393.2
  119.0  15206  -58.5  -86.5      2   0.00    318     30  394.3  394.3  394.3
  110.0  15696  -59.8  -86.9      2   0.00    300     30  400.9  400.9  400.9
  100.0  16290  -61.3  -87.3      2   0.00    300     24  409.0  409.0  409.0
