#
#03808  Camborne Observations at 00Z 09 Oct 2017
#-----------------------------------------------------------------------------
#   PRES   HGHT   TEMP   DWPT   RELH   MIXR   DRCT   SKNT   THTA   THTE   THTV
#    hPa     m      C      C      %    g/kg    deg   knot     K      K      K 
#-----------------------------------------------------------------------------
 1011.0     88   13.4   13.2     99   9.51    210      6  285.7  312.1  287.3
 1000.0    182   13.0   12.9     99   9.43    230     11  286.1  312.5  287.8
  986.0    301   12.6   12.6    100   9.34    255     15  286.9  313.1  288.5
  974.0    403   12.3   12.2    100   9.27    265     17  287.6  313.6  289.2
  957.0    551   11.8   11.8    100   9.16    265     17  288.6  314.4  290.1
  925.0    836   10.4   10.4    100   8.63    265     18  289.9  314.5  291.4
  918.0    899   10.1   10.1    100   8.50    265     19  290.2  314.4  291.7
  879.0   1259    8.1    8.1    100   7.77    260     21  291.8  314.2  293.2
  850.0   1537    6.6    6.6    100   7.24    270     21  293.1  314.1  294.3
  836.0   1673    5.6    5.6    100   6.87    277     21  293.4  313.4  294.6
  832.0   1713    7.0    2.9     75   5.70    279     21  295.3  312.1  296.3
  828.0   1753    7.4    1.4     66   5.14    282     21  296.1  311.5  297.0
  823.0   1802    7.2    1.2     66   5.10    284     21  296.4  311.6  297.3
  787.0   2169    4.6    2.9     89   6.03    304     22  297.4  315.4  298.5
  785.0   2190    4.8    1.8     81   5.58    305     22  297.8  314.6  298.8
  777.0   2274    5.4   -2.6     56   4.08    308     24  299.4  311.9  300.1
  771.0   2337    6.2   -5.8     42   3.23    309     25  300.9  311.0  301.5
  769.0   2359    6.2   -4.8     45   3.50    310     26  301.1  312.0  301.8
  759.0   2466    6.4   -6.6     39   3.09    313     28  302.5  312.2  303.0
  756.0   2498    6.6  -14.4     21   1.67    314     29  303.0  308.5  303.3
  755.0   2509    6.8  -14.2     21   1.70    315     29  303.4  308.9  303.7
  754.0   2520    6.8  -13.2     22   1.84    315     29  303.5  309.5  303.8
  742.0   2652    5.4   -5.6     45   3.41    315     30  303.3  314.1  304.0
  725.0   2841    4.0   -7.0     45   3.13    315     31  303.8  313.7  304.4
  721.0   2886    3.6   -6.4     48   3.30    315     31  303.9  314.3  304.5
  718.0   2919    3.4   -7.6     44   3.02    315     31  304.0  313.6  304.6
  716.0   2942    3.2   -6.8     48   3.22    315     31  304.0  314.2  304.6
  713.0   2976    3.2   -7.8     44   3.00    315     31  304.4  313.9  304.9
  709.0   3022    3.0   -7.0     48   3.21    315     31  304.7  314.8  305.2
  700.0   3125    2.0   -9.0     44   2.78    315     32  304.7  313.6  305.2
  691.0   3229    1.0   -7.0     55   3.29    315     31  304.7  315.1  305.3
  689.0   3252    0.8   -7.1     55   3.27    315     31  304.7  315.1  305.3
  669.0   3488   -1.0   -8.1     59   3.13    320     31  305.3  315.2  305.8
  668.0   3500   -1.1   -8.1     59   3.12    320     31  305.3  315.2  305.9
  659.0   3608   -1.7   -9.7     54   2.79    317     32  305.8  314.8  306.3
  651.0   3704   -2.7  -10.2     56   2.71    315     32  305.8  314.5  306.3
  641.0   3827   -3.9  -10.9     58   2.61    313     31  305.7  314.1  306.2
  628.0   3988   -5.3  -13.3     53   2.20    311     29  305.9  313.1  306.3
  624.0   4038   -5.6  -14.9     48   1.94    310     29  306.2  312.6  306.5
  610.0   4215   -6.5  -20.5     32   1.23    310     35  307.1  311.3  307.3
  606.0   4266   -6.9  -20.9     32   1.20    309     33  307.2  311.3  307.4
  601.0   4331   -7.1  -23.1     27   1.00    308     31  307.7  311.1  307.9
  597.0   4383   -7.1  -26.1     20   0.77    307     29  308.3  311.0  308.4
  590.0   4474   -7.2  -31.6     12   0.47    305     26  309.2  310.9  309.3
  584.0   4554   -7.3  -36.3      8   0.30    303     26  310.0  311.1  310.1
  572.0   4715   -7.6  -38.5      6   0.24    300     27  311.5  312.4  311.6
  566.0   4797   -7.7  -39.7      6   0.22    294     28  312.3  313.1  312.4
  556.0   4934   -8.4  -41.1      5   0.19    285     31  313.1  313.9  313.1
  542.0   5132   -9.3  -43.0      5   0.16    300     26  314.2  314.9  314.3
  537.0   5203   -9.7  -43.7      4   0.15    299     27  314.7  315.2  314.7
  500.0   5750  -12.3  -42.3      6   0.19    290     39  318.0  318.7  318.0
  499.0   5765  -12.5  -41.5      7   0.20    290     39  317.9  318.7  318.0
  497.0   5796  -12.5  -36.5     12   0.34    289     39  318.3  319.6  318.4
  496.0   5811  -12.5  -29.5     23   0.67    289     39  318.5  320.9  318.6
  491.0   5889  -13.1  -26.1     33   0.93    287     38  318.6  322.0  318.8
  488.0   5935  -13.5  -26.5     33   0.90    287     38  318.7  322.0  318.9
  482.0   6029  -14.3  -25.3     39   1.02    285     37  318.9  322.5  319.1
  462.0   6349  -17.3  -24.3     54   1.17    279     36  319.0  323.1  319.2
  451.0   6529  -18.9  -27.9     45   0.86    275     35  319.2  322.3  319.4
  434.0   6814  -21.5  -28.2     55   0.87    270     33  319.4  322.6  319.6
  429.0   6900  -22.3  -28.3     58   0.87    272     33  319.5  322.6  319.6
  424.0   6986  -23.1  -31.1     48   0.68    274     32  319.5  322.0  319.6
  419.0   7073  -23.7  -30.7     53   0.71    275     32  319.8  322.4  320.0
  408.0   7266  -25.3  -26.9     86   1.04    279     31  320.2  323.9  320.4
  406.0   7302  -25.6  -26.9     88   1.04    280     31  320.3  324.0  320.5
  404.0   7338  -25.9  -27.0     90   1.04    282     32  320.3  324.1  320.5
  400.0   7410  -26.3  -26.6     97   1.09    285     33  320.7  324.6  320.9
  397.0   7464  -26.1  -28.1     83   0.96    285     34  321.7  325.1  321.9
  396.0   7483  -26.3  -27.9     86   0.98    285     34  321.6  325.2  321.8
  395.0   7501  -26.4  -28.3     84   0.95    285     34  321.8  325.2  321.9
  384.0   7705  -27.5  -32.3     64   0.67    285     34  322.9  325.4  323.0
  372.0   7932  -29.9  -33.8     69   0.59    285     34  322.7  324.9  322.8
  367.0   8028  -30.3  -37.3     50   0.42    285     34  323.4  325.0  323.5
  365.0   8067  -30.7  -37.7     50   0.41    285     34  323.4  324.9  323.4
  361.0   8145  -31.3  -37.3     55   0.43    285     34  323.6  325.2  323.7
  356.0   8244  -32.3  -37.3     61   0.44    285     34  323.5  325.2  323.6
  354.0   8283  -32.7  -37.3     63   0.44    287     34  323.5  325.2  323.6
  351.0   8343  -33.1  -38.0     61   0.41    290     35  323.8  325.3  323.8
  350.0   8363  -33.3  -39.3     55   0.36    291     35  323.8  325.1  323.8
  348.0   8404  -32.9  -47.9     21   0.14    293     36  324.8  325.4  324.9
  347.0   8424  -32.9  -51.9     13   0.09    294     36  325.1  325.5  325.1
  346.0   8444  -33.0  -51.8     14   0.09    295     36  325.2  325.6  325.2
  336.0   8650  -34.5  -50.5     18   0.11    297     38  325.9  326.4  325.9
  324.0   8903  -36.7  -53.7     16   0.08    299     40  326.3  326.6  326.3
  322.0   8945  -37.1  -51.1     22   0.11    299     40  326.3  326.8  326.3
  318.0   9032  -37.9  -51.9     22   0.10    300     41  326.4  326.8  326.4
  317.0   9053  -38.1  -52.1     22   0.10    299     41  326.4  326.8  326.4
  312.0   9162  -39.1  -50.1     30   0.13    295     41  326.5  327.0  326.5
  306.0   9295  -40.1  -52.1     27   0.10    291     42  326.9  327.3  326.9
  305.0   9318  -40.3  -51.8     28   0.11    290     42  326.9  327.3  326.9
  302.0   9385  -40.9  -50.9     33   0.12    293     43  327.0  327.5  327.0
  300.0   9430  -41.1  -54.1     23   0.08    295     44  327.3  327.7  327.3
  299.0   9453  -41.1  -55.1     21   0.07    295     44  327.6  327.9  327.6
  296.0   9522  -41.7  -53.7     26   0.09    295     45  327.7  328.1  327.8
  292.0   9614  -42.5  -55.5     23   0.07    295     45  327.9  328.2  327.9
  289.0   9684  -43.1  -54.1     29   0.08    294     44  328.0  328.3  328.0
  283.0   9826  -44.1  -57.1     22   0.06    293     44  328.5  328.8  328.5
  272.0  10092  -46.3  -57.3     28   0.06    292     43  329.1  329.3  329.1
  267.0  10216  -46.9  -61.9     16   0.03    292     42  329.9  330.1  329.9
  260.0  10392  -48.5  -60.5     24   0.04    291     42  330.1  330.3  330.1
  255.0  10520  -49.6  -61.1     25   0.04    290     41  330.3  330.5  330.3
  250.0  10650  -50.7  -61.7     26   0.04    295     41  330.6  330.7  330.6
  243.0  10834  -52.5  -61.5     33   0.04    297     42  330.6  330.7  330.6
  239.0  10942  -53.1  -63.1     29   0.03    298     43  331.2  331.4  331.2
  233.0  11105  -54.7  -63.7     32   0.03    299     44  331.2  331.4  331.2
  230.0  11188  -55.1  -65.1     28   0.03    300     45  331.8  331.9  331.8
  223.0  11385  -56.3  -66.3     27   0.02    302     46  332.9  333.0  332.9
  211.0  11735  -58.3  -67.3     31   0.02    305     49  335.1  335.2  335.1
  210.0  11764  -58.5  -67.2     32   0.02    305     49  335.3  335.4  335.3
  200.0  12070  -60.5  -66.5     45   0.02    300     47  336.8  336.9  336.8
  196.0  12196  -61.1  -67.1     45   0.02    298     46  337.8  337.9  337.8
  191.0  12356  -61.7  -68.7     39   0.02    295     45  339.3  339.4  339.3
  184.0  12587  -61.4  -73.8     18   0.01    300     51  343.5  343.5  343.5
  182.0  12655  -61.3  -75.3     14   0.01    300     50  344.7  344.7  344.7
  161.0  13413  -62.9  -79.9      8   0.00    300     41  354.3  354.3  354.3
  150.0  13850  -61.7  -82.7      5   0.00    300     36  363.6  363.6  363.6
  147.0  13975  -61.1  -83.1      4   0.00    297     36  366.7  366.8  366.7
  139.0  14320  -61.6  -83.8      4   0.00    290     35  371.8  371.8  371.8
  130.0  14732  -62.1  -84.7      3   0.00    295     39  378.0  378.0  378.0
  123.0  15074  -62.6  -85.4      3   0.00    310     34  383.1  383.2  383.1
  116.0  15435  -63.1  -86.1      3   0.00    303     31  388.7  388.7  388.7
  113.0  15596  -62.6  -86.1      3   0.00    300     29  392.6  392.6  392.6
  108.0  15875  -61.7  -86.1      3   0.00    305     28  399.4  399.4  399.4
  105.0  16049  -61.1  -86.1      2   0.00    301     26  403.7  403.8  403.7
  100.0  16350  -62.3  -86.3      3   0.00    295     23  407.1  407.1  407.1
   97.8  16487  -62.9  -86.9      3   0.00    295     25  408.5  408.5  408.5
   94.0  16733  -61.6  -87.2      2   0.00    295     29  415.7  415.7  415.7
   93.1  16792  -61.3  -87.3      2   0.00    299     28  417.5  417.5  417.5
   91.0  16934  -61.4  -87.5      2   0.00    310     24  420.0  420.0  420.0
   86.0  17284  -61.6  -87.9      2   0.00    310     21  426.5  426.5  426.5
   81.0  17655  -61.8  -88.3      2   0.00    285     20  433.4  433.4  433.4
   78.0  17889  -61.9  -88.5      2   0.00    290     22  437.8  437.8  437.8
   74.0  18216  -62.1  -88.9      2   0.00    320     18  444.1  444.1  444.1
   73.0  18300  -62.1  -89.0      2   0.00    290     12  445.7  445.7  445.7
   72.0  18385  -62.2  -89.1      2   0.00    275     13  447.4  447.4  447.4
   71.0  18472  -62.2  -89.2      2   0.00    270     15  449.0  449.1  449.0
   70.0  18560  -62.3  -89.3      2   0.00    280     19  450.8  450.8  450.8
   69.8  18578  -62.3  -89.3      2   0.00    283     20  451.1  451.1  451.1
   69.0  18649  -62.1  -89.4      2   0.00    295     23  452.9  452.9  452.9
   67.0  18831  -61.8  -89.5      1   0.00    315     20  457.6  457.6  457.6
   66.0  18924  -61.6  -89.6      1   0.00    320     13  460.0  460.0  460.0
   65.0  19018  -61.4  -89.7      1   0.00    310     12  462.4  462.4  462.4
   64.0  19114  -61.2  -89.8      1   0.00    300     12  464.9  464.9  464.9
   62.6  19251  -60.9  -89.9      1   0.00    300     15  468.5  468.5  468.5
   61.0  19411  -61.1  -89.9      1   0.00    300     18  471.5  471.5  471.5
   55.0  20051  -61.9  -90.1      1   0.00    325     17  483.9  483.9  483.9
   53.5  20222  -62.1  -90.1      1   0.00    315     16  487.2  487.2  487.2
   52.0  20398  -61.7  -90.1      1   0.00    305     15  492.2  492.2  492.2
   50.0  20640  -61.1  -90.1      1   0.00    310     22  499.1  499.1  499.1
   48.0  20895  -60.1  -89.8      1   0.00    315     23  507.4  507.4  507.4
   47.3  20986  -59.7  -89.7      1   0.00    322     21  510.4  510.4  510.4
   47.0  21026  -59.8  -89.7      1   0.00    325     20  511.1  511.2  511.1
   46.0  21160  -60.0  -89.8      1   0.00    305     13  513.7  513.7  513.7
   45.0  21297  -60.3  -90.0      1   0.00    300     13  516.3  516.3  516.3
   43.0  21580  -60.8  -90.2      1   0.00    300     20  521.7  521.7  521.7
   41.0  21876  -61.4  -90.5      1   0.00    325     18  527.4  527.4  527.4
   40.7  21922  -61.5  -90.5      1   0.00    325     18  528.3  528.3  528.3
   38.0  22350  -60.6  -90.1      1   0.00    325     15  541.1  541.1  541.1
   37.0  22516  -60.2  -89.9      1   0.00    315     17  546.2  546.2  546.2
   36.0  22687  -59.9  -89.8      1   0.00    350     13  551.4  551.4  551.4
   35.6  22756  -59.7  -89.7      1   0.00    350     13  553.6  553.6  553.6
   35.0  22862  -60.2  -89.8      1   0.00    350     12  554.9  555.0  554.9
   34.2  23006  -60.9  -89.9      1   0.00    344     12  556.8  556.8  556.8
   33.0  23231  -59.6  -89.9      1   0.00    335     12  565.8  565.9  565.8
   32.0  23424  -58.6  -89.9      1   0.00    310     15  573.7  573.7  573.7
   31.0  23623  -57.5  -89.9      1   0.00    335     20  581.9  581.9  581.9
   30.5  23725  -56.9  -89.9      1   0.00    337     19  586.2  586.2  586.2
   30.0  23830  -57.1  -89.1      1   0.00    340     17  588.4  588.4  588.4
   28.4  24177  -56.3  -89.3      1   0.00    324     15  599.9  599.9  599.9
   28.0  24267  -56.7  -89.4      1   0.00    320     14  601.3  601.4  601.3
   27.0  24496  -57.6  -89.6      1   0.00     10     15  605.1  605.1  605.1
   26.0  24734  -58.5  -89.8      1   0.00     20     12  608.9  609.0  608.9
   25.6  24832  -58.9  -89.9      1   0.00    348      8  610.5  610.6  610.5
   25.0  24981  -57.8  -90.2      1   0.00    300      2  617.7  617.8  617.7
   24.7  25057  -57.3  -90.3      1   0.00    287      4  621.4  621.5  621.4
   24.0  25238  -57.5  -90.1      1   0.00    255     10  626.1  626.1  626.1
   23.0  25507  -57.7  -89.7      1   0.01    285     21  633.0  633.1  633.0
   22.0  25787  -57.3  -89.7      1   0.01    305     19  642.2  642.3  642.2
   21.0  26081  -56.9  -89.7      1   0.01    315      5  652.0  652.0  652.0
   20.4  26264  -56.7  -89.7      1   0.01    312     13  658.1  658.2  658.1
   20.0  26390  -56.1  -90.1      1   0.01    310     18  663.7  663.8  663.7
   19.0  26719  -54.2  -89.0      1   0.01    315     14  679.5  679.6  679.5
   18.0  27067  -52.1  -87.9      1   0.01     25     10  696.5  696.6  696.5
   17.8  27138  -51.7  -87.7      1   0.01     12      8  700.1  700.2  700.1
   17.0  27437  -51.6  -87.7      1   0.01    320      2  709.7  709.8  709.7
   16.0  27832  -51.4  -87.7      1   0.01    210     10  722.6  722.7  722.6
   15.0  28251  -51.3  -87.7      1   0.01    240     15  736.6  736.7  736.6
   14.0  28700  -51.1  -87.7      1   0.01    270     14  751.8  752.0  751.8
   13.0  29182  -50.9  -87.7      1   0.01    255     11  768.6  768.7  768.6
   12.0  29702  -50.7  -87.7      1   0.02    290     17  787.0  787.2  787.0
   11.9  29756  -50.7  -87.7      1   0.02    290     18  789.0  789.2  789.0
   11.5  29980  -49.7  -87.7      0   0.02    290     22  800.3  800.5  800.3
   11.0  30274  -45.7  -85.4      0   0.02    290     28  825.0  825.3  825.0
   10.9  30334  -44.9  -84.9      0   0.03    289     28  830.1  830.5  830.1
   10.0  30910  -45.3  -85.3      0   0.03    280     24  849.3  849.7  849.4
    9.0  31611  -45.8  -85.4      0   0.03    295     22  873.2  873.6  873.2
    8.0  32394  -46.4  -85.5      0   0.03    320     24  900.7  901.2  900.8
    7.9  32478  -46.5  -85.5      0   0.03    317     23  903.7  904.2  903.7
    7.6  32736  -44.3  -84.3      0   0.04    308     22  922.6  923.2  922.7
    7.4  32914  -45.1  -85.1      0   0.04    302     21  926.5  927.0  926.5
    7.2  33098  -43.5  -83.5      0   0.05    296     19  940.3  941.0  940.3
    7.0  33287  -44.5  -84.5      0   0.05    290     18  943.8  944.4  943.8
