#
#06610 LSMP Payerne Observations at 00Z 09 Oct 2017
#-----------------------------------------------------------------------------
#   PRES   HGHT   TEMP   DWPT   RELH   MIXR   DRCT   SKNT   THTA   THTE   THTV
#    hPa     m      C      C      %    g/kg    deg   knot     K      K      K 
#-----------------------------------------------------------------------------
# 1000.0    183                                                               
  964.0    491   10.8    8.2     84   7.12    205      2  286.9  307.1  288.2
  957.0    551   11.6    7.6     76   6.89    193      2  288.4  308.0  289.6
  949.0    621   11.4    6.5     72   6.45    180      2  288.9  307.4  290.0
  948.0    629   11.4    6.4     71   6.40     30      0  288.9  307.3  290.0
  946.0    647   11.3    6.3     72   6.38    345      2  289.0  307.3  290.1
  945.0    656   11.2    6.3     72   6.37    339      2  289.0  307.3  290.1
  939.0    708   10.8    6.3     74   6.43    305      2  289.1  307.5  290.2
  933.0    761   10.4    6.4     76   6.48    355      4  289.2  307.8  290.3
  925.0    832    9.8    6.4     79   6.56    350      4  289.3  308.1  290.5
  854.0   1490    4.8    3.6     92   5.83    336      8  290.8  307.7  291.8
  850.0   1528    4.6    3.5     93   5.82    335      8  290.9  307.9  292.0
  849.0   1538    4.4    3.3     93   5.75    337      7  290.8  307.5  291.9
  840.0   1624    4.1    2.3     88   5.40    355      2  291.4  307.2  292.4
  835.0   1673    3.9    1.7     86   5.22    310      2  291.7  307.0  292.6
  826.0   1761    3.6    0.7     81   4.90    318      3  292.3  306.7  293.1
  819.0   1830    3.0    1.0     87   5.05    324      3  292.4  307.2  293.2
  813.0   1890    2.6    1.4     92   5.24    330      4  292.6  307.9  293.5
  798.0   2040    1.6   -1.6     79   4.28    308      4  293.1  305.8  293.8
  781.0   2213    0.4   -1.5     87   4.41    283      4  293.6  306.7  294.4
  773.0   2296   -0.5   -3.8     78   3.75    271      4  293.5  304.7  294.1
  743.0   2610   -3.3   -4.0     95   3.84    225      4  293.7  305.2  294.4
  735.0   2696   -4.1   -4.1    100   3.86    240      4  293.8  305.4  294.5
  730.0   2750   -4.3   -4.5     99   3.77    250      4  294.1  305.4  294.8
  715.0   2913   -5.0   -5.7     95   3.52    235      6  295.1  305.8  295.7
  705.0   3024   -5.5   -6.5     93   3.35    299      9  295.8  306.0  296.4
  704.0   3035   -5.1   -8.0     80   2.99    305     10  296.3  305.5  296.9
  702.0   3057   -3.7  -15.7     39   1.61    303     10  298.1  303.3  298.4
  701.0   3069   -3.5  -15.5     39   1.64    301     10  298.5  303.7  298.8
  700.0   3080   -3.1  -17.1     33   1.44    300     10  299.0  303.7  299.3
  695.0   3137   -2.5  -18.5     28   1.29    305     10  300.3  304.5  300.5
  693.0   3160   -2.5  -18.5     28   1.29    307     10  300.6  304.8  300.8
  683.0   3275   -1.7  -22.7     18   0.91    317     11  302.7  305.8  302.9
  680.0   3310   -1.9  -24.9     15   0.75    320     11  302.9  305.4  303.0
  665.0   3487   -3.3  -26.3     15   0.68    336     11  303.2  305.5  303.3
  661.0   3535   -3.3  -26.9     14   0.64    340     12  303.8  306.0  303.9
  647.0   3705   -3.1  -29.1     11   0.54    332     15  305.8  307.7  305.9
  645.0   3729   -3.1  -27.1     14   0.65    331     16  306.1  308.4  306.2
  641.0   3778   -3.5  -23.5     20   0.90    329     17  306.2  309.3  306.4
  618.0   4067   -4.5  -25.5     18   0.78    315     23  308.2  311.0  308.4
  543.0   5073  -11.7  -30.7     19   0.55    318     29  311.3  313.3  311.4
  534.0   5201  -12.7  -25.7     33   0.89    318     30  311.6  314.7  311.8
  524.0   5345  -13.9  -26.9     32   0.81    319     31  311.8  314.7  312.0
  523.0   5359  -13.9  -26.9     32   0.81    319     31  312.0  314.9  312.1
  500.0   5700  -15.7  -28.7     32   0.72    320     33  313.8  316.4  314.0
  476.0   6068  -18.2  -33.0     26   0.50    320     31  315.2  317.1  315.3
  473.0   6116  -18.5  -33.5     26   0.48    318     32  315.4  317.2  315.5
  471.0   6147  -18.7  -31.7     31   0.58    317     32  315.5  317.6  315.6
  460.0   6323  -20.3  -32.3     33   0.56    312     34  315.7  317.7  315.8
  455.0   6404  -20.9  -34.9     27   0.44    309     35  315.9  317.5  316.0
  448.0   6517  -22.0  -34.2     32   0.48    305     37  315.9  317.7  316.0
  437.0   6700  -23.7  -33.0     42   0.55    310     41  316.0  318.0  316.1
  436.0   6716  -23.9  -32.9     43   0.55    311     40  316.0  318.0  316.1
  419.0   7006  -25.3  -42.3     19   0.22    331     33  317.8  318.6  317.8
  416.0   7058  -25.8  -40.2     25   0.28    335     31  317.8  318.8  317.8
  412.0   7127  -26.5  -37.5     35   0.37    334     33  317.8  319.2  317.8
  406.0   7233  -27.3  -37.3     38   0.38    332     35  318.1  319.5  318.1
  400.0   7340  -27.9  -42.9     22   0.22    330     37  318.6  319.5  318.7
  389.0   7540  -28.9  -49.9     11   0.10    340     41  319.9  320.3  319.9
  382.0   7669  -29.5  -54.5      7   0.06    341     41  320.8  321.0  320.8
  377.0   7763  -30.5  -70.5      1   0.01    342     41  320.6  320.7  320.6
  317.0   8960  -40.8  -63.4      7   0.02    350     43  322.6  322.7  322.6
  300.0   9340  -44.1  -61.1     13   0.03    345     39  323.1  323.2  323.1
  285.0   9680  -46.9  -62.2     16   0.03    340     39  323.8  324.0  323.8
  267.0  10113  -50.5  -63.5     20   0.03    342     42  324.7  324.8  324.7
  252.0  10489  -53.3  -64.3     25   0.03    345     44  325.9  326.1  326.0
  250.0  10540  -53.5  -64.5     25   0.03    345     45  326.4  326.5  326.4
  229.0  11098  -56.9  -68.9     21   0.02    345     51  329.5  329.6  329.5
  226.0  11181  -57.1  -69.1     20   0.02    345     52  330.4  330.5  330.4
  214.0  11524  -57.3  -71.5     15   0.01    350     56  335.4  335.4  335.4
  200.0  11950  -57.5  -74.5     10   0.01    340     49  341.6  341.6  341.6
  197.0  12046  -57.3  -75.3      8   0.01    334     44  343.4  343.4  343.4
  193.0  12176  -57.9  -77.6      6   0.01    325     39  344.5  344.5  344.5
  190.0  12275  -58.3  -79.3      5   0.00    324     41  345.3  345.3  345.3
  180.0  12616  -58.3  -85.3      2   0.00    321     48  350.7  350.7  350.7
  177.0  12722  -58.6  -87.8      1   0.00    320     51  351.9  351.9  351.9
  176.0  12757  -58.7  -88.7      1   0.00    320     50  352.3  352.3  352.3
  174.0  12830  -57.9  -89.9      1   0.00    321     48  354.8  354.8  354.8
  159.0  13401  -57.1  -89.1      1   0.00    325     37  365.4  365.4  365.4
  150.0  13770  -57.5  -89.5      1   0.00    310     45  370.8  370.8  370.8
  148.0  13855  -57.9  -88.9      1   0.00    313     47  371.5  371.6  371.6
  147.0  13897  -57.6  -88.8      1   0.00    315     49  372.7  372.8  372.7
  143.0  14072  -56.5  -88.5      1   0.00    315     43  377.6  377.7  377.6
  138.0  14297  -57.5  -88.5      1   0.00    315     35  379.8  379.8  379.8
  133.0  14530  -57.5  -89.1      1   0.00    315     27  383.8  383.8  383.8
  130.0  14674  -57.5  -89.5      1   0.00    314     27  386.3  386.3  386.3
  117.0  15334  -60.1  -90.4      1   0.00    310     25  393.3  393.3  393.3
  115.0  15442  -60.5  -90.5      1   0.00    310     28  394.5  394.5  394.5
  111.0  15662  -60.8  -90.8      1   0.00    310     33  398.0  398.0  398.0
  104.0  16066  -61.2  -91.2      1   0.00    320     27  404.6  404.6  404.6
  100.0  16310  -61.5  -91.5      1   0.00    330     21  408.6  408.6  408.6
   99.9  16316  -61.5  -91.5      1   0.00    330     21  408.8  408.8  408.8
   91.5  16858  -62.9  -92.9      1   0.00    320     22  416.4  416.4  416.4
   82.5  17499  -60.5  -91.5      1   0.00    308     22  433.8  433.8  433.8
   70.1  18511  -60.9  -91.9      1   0.00    290     23  453.6  453.6  453.6
   70.0  18520  -60.9  -91.9      1   0.00    290     23  453.8  453.8  453.8
   67.0  18793  -59.1  -90.1      1   0.00    280     16  463.4  463.4  463.4
   63.0  19174  -61.0  -91.5      1   0.00    265      6  467.3  467.3  467.3
   59.0  19581  -63.1  -93.1      1   0.00    282     16  471.5  471.5  471.5
   54.0  20130  -59.7  -90.5      1   0.00    305     29  491.5  491.5  491.5
   52.9  20258  -58.9  -89.9      1   0.00    316     25  496.2  496.2  496.2
   50.0  20610  -59.7  -90.7      1   0.00    345     14  502.4  502.4  502.4
   48.0  20865  -60.3  -91.3      1   0.00    250      4  506.8  506.9  506.8
   46.7  21036  -60.7  -91.7      1   0.00    281      4  509.9  509.9  509.9
   45.0  21268  -59.3  -90.3      1   0.00    323      4  518.7  518.7  518.7
   43.0  21552  -59.9  -90.9      1   0.00     15      4  524.0  524.1  524.0
   42.0  21699  -60.2  -91.2      1   0.00    320      2  526.8  526.9  526.8
   41.6  21759  -60.3  -91.3      1   0.00    313      2  528.0  528.0  528.0
   39.0  22165  -56.9  -88.9      1   0.00    262      5  546.4  546.4  546.4
   36.0  22671  -57.5  -89.5      1   0.00    200      8  557.4  557.5  557.4
   34.3  22977  -57.9  -89.9      1   0.00    233     16  564.2  564.2  564.2
   32.5  23319  -55.1  -87.1      1   0.01    269     25  580.4  580.5  580.4
   32.0  23418  -55.2  -87.2      1   0.01    280     27  582.8  582.8  582.8
   30.0  23830  -55.5  -87.5      1   0.01    305     16  592.7  592.8  592.8
   29.6  23915  -55.7  -87.7      1   0.01    311     14  594.5  594.5  594.5
   28.7  24112  -54.5  -87.5      1   0.01    324     11  603.0  603.1  603.0
   27.0  24501  -55.7  -88.1      1   0.01    350      6  610.3  610.4  610.3
   26.0  24742  -56.4  -88.5      1   0.01    295      2  614.9  614.9  614.9
   25.9  24766  -56.5  -88.5      1   0.01    294      2  615.3  615.4  615.3
   23.9  25278  -54.1  -87.1      1   0.01    282      7  636.6  636.7  636.6
   22.5  25664  -54.9  -87.9      1   0.01    273     11  645.3  645.4  645.3
   20.0  26420  -52.9  -85.9      1   0.01    255     17  673.5  673.6  673.5
   19.7  26518  -52.3  -85.3      1   0.01    255     18  678.2  678.4  678.3
   17.5  27282  -53.5  -86.5      1   0.01    253     19  697.8  697.9  697.8
   16.0  27860  -52.5  -85.5      1   0.02    252     20  719.1  719.3  719.1
   13.8  28826  -48.1  -83.1      1   0.03    250     22  765.1  765.5  765.2
   12.2  29637  -48.7  -82.7      1   0.04    248     23  790.5  790.9  790.5
   10.0  30950  -46.9  -81.9      1   0.05    245     25  843.4  844.0  843.4
    8.5  32030  -45.5  -80.5      1   0.07    247     33  888.9  889.9  889.0
    7.9  32517  -46.3  -81.3      1   0.07    248     37  904.5  905.5  904.5
    7.4  32955  -41.9  -77.9      1   0.13    249     40  939.5  941.2  939.5
    7.0  33333  -40.6  -77.1      1   0.15    250     43  959.7  961.8  959.8
    6.6  33734  -39.3  -76.3      1   0.18    252     34  981.6  984.2  981.7
    6.0  34387  -39.1  -76.1      1   0.20    255     19 1009.4 1012.4 1009.5
    5.9  34502  -39.1  -76.1      1   0.21    257     23 1014.4 1017.5 1014.5
    5.2  35371  -36.9  -74.9      1   0.29    275     50 1061.5 1065.9 1061.7
    5.0  35644  -33.7  -72.7      1   0.41    280     58 1088.1 1094.5 1088.3
    4.4  36538  -35.1  -73.1      1   0.44    254     40 1121.9 1129.0 1122.2
    4.3  36698  -34.3  -73.3      1   0.44    250     37 1133.1 1140.3 1133.4
#    4.0                                       235     27                     
