#
#07645 LFME Nimes-Courbessac Observations at 00Z 09 Oct 2017
#-----------------------------------------------------------------------------
#   PRES   HGHT   TEMP   DWPT   RELH   MIXR   DRCT   SKNT   THTA   THTE   THTV
#    hPa     m      C      C      %    g/kg    deg   knot     K      K      K 
#-----------------------------------------------------------------------------
 1012.0     60   14.4    8.4     67   6.88      0     11  286.6  306.1  287.8
 1000.0    161   14.4    7.4     63   6.50    355     13  287.6  306.1  288.7
  972.0    401   14.6    6.6     59   6.32    349     19  290.1  308.4  291.2
  932.0    755   12.6    4.6     58   5.72    340     28  291.5  308.2  292.5
  925.0    819   12.2    4.2     58   5.62    345     28  291.8  308.2  292.8
  891.0   1132   10.4    2.4     58   5.13      6     27  293.1  308.2  294.0
  876.0   1273   10.3    1.2     53   4.80     15     27  294.4  308.7  295.2
  863.0   1397   10.2    0.2     50   4.52      5     27  295.5  309.1  296.3
  850.0   1523   10.0   -4.0     37   3.36    355     28  296.6  306.9  297.2
  828.0   1741    9.8  -15.2     16   1.42    344     29  298.6  303.2  298.9
  812.0   1902    8.8  -15.4     16   1.43    335     29  299.2  303.9  299.5
  809.0   1933    8.6  -15.4     17   1.43    335     29  299.3  304.0  299.6
  773.0   2307    5.4    0.8     72   5.27    330     28  299.8  315.8  300.8
  767.0   2371    5.6  -11.4     28   2.10    329     28  300.7  307.4  301.1
  744.0   2619    4.0   -1.0     70   4.80    326     27  301.6  316.3  302.5
  701.0   3101    0.6   -4.2     70   4.02    320     26  303.0  315.5  303.7
  700.0   3112    0.6   -4.2     70   4.02    320     26  303.1  315.6  303.9
  696.0   3158    0.8   -3.7     72   4.20    320     26  303.8  316.9  304.6
  670.0   3463    0.2  -11.8     40   2.32    316     25  306.5  314.0  306.9
  663.0   3547    0.0  -12.0     40   2.31    315     25  307.2  314.7  307.6
  659.0   3596   -0.5   -6.5     64   3.58    315     24  307.1  318.6  307.8
  623.0   4040   -3.5   -8.9     66   3.15    310     23  308.7  318.8  309.3
  598.0   4364   -5.7  -10.6     68   2.87    316     23  309.8  319.1  310.3
  578.0   4630   -6.5  -25.5     21   0.84    321     23  311.9  314.8  312.0
  574.0   4684   -6.9  -25.9     20   0.81    322     23  312.0  314.9  312.2
  528.0   5326  -12.7  -24.9     35   0.97    335     23  312.6  316.0  312.8
  520.0   5443  -13.7  -24.7     39   1.00    334     23  312.8  316.2  312.9
  509.0   5605  -14.7  -19.3     68   1.64    332     23  313.4  319.0  313.8
  506.0   5650  -14.9  -19.0     71   1.69    331     23  313.7  319.5  314.1
  500.0   5740  -15.3  -20.2     66   1.55    330     23  314.3  319.6  314.6
  478.0   6080  -16.3  -24.3     50   1.13    328     23  317.2  321.1  317.4
  465.0   6286  -18.3  -27.3     45   0.88    327     23  317.2  320.3  317.3
  400.0   7390  -27.9  -33.9     56   0.55    320     23  318.6  320.7  318.8
  364.0   8060  -33.7  -38.7     61   0.37    320     23  319.6  321.0  319.7
  363.0   8080  -33.7  -39.8     54   0.33    320     23  319.9  321.1  319.9
  352.0   8296  -33.7  -51.7     15   0.09    323     24  322.7  323.1  322.7
  344.0   8457  -34.3  -53.3     13   0.08    326     24  324.0  324.3  324.0
  323.0   8895  -37.7  -50.7     24   0.11    333     26  325.2  325.6  325.2
  317.0   9023  -38.8  -51.1     26   0.11    335     26  325.4  325.8  325.4
  300.0   9400  -42.1  -52.1     33   0.10    325     27  325.9  326.3  325.9
  263.0  10279  -49.9  -56.9     43   0.07    307     28  327.0  327.3  327.0
  260.0  10354  -50.4  -57.8     41   0.06    305     28  327.3  327.6  327.3
  256.0  10455  -51.1  -59.1     38   0.05    307     29  327.7  328.0  327.8
  250.0  10610  -51.5  -60.5     33   0.04    310     30  329.4  329.6  329.4
  226.0  11259  -53.1  -65.9     20   0.02    325     36  336.5  336.6  336.5
  213.0  11640  -54.1  -69.1     14   0.02    313     28  340.8  340.8  340.8
  204.0  11914  -55.8  -70.8     14   0.01    305     22  342.4  342.4  342.4
  200.0  12040  -56.5  -71.5     13   0.01    300     25  343.1  343.2  343.1
  194.0  12233  -57.6  -72.6     13   0.01    290     29  344.4  344.5  344.4
  191.0  12332  -58.1  -73.1     13   0.01    295     32  345.1  345.2  345.1
  181.0  12672  -57.0  -74.0     10   0.01    310     44  352.2  352.2  352.2
  176.0  12849  -56.5  -74.5      9   0.01    311     39  355.9  355.9  355.9
  161.0  13413  -57.7  -76.8      7   0.01    315     24  363.0  363.0  363.0
  150.0  13860  -58.7  -78.7      6   0.01    305     37  368.8  368.8  368.8
  148.0  13943  -58.9  -79.1      6   0.01    305     39  369.9  369.9  369.9
  106.0  16010  -63.1  -90.1      2   0.00    310     19  398.9  398.9  398.9
  101.0  16309  -63.7  -91.7      1   0.00    306     26  403.2  403.2  403.2
  100.0  16370  -63.9  -91.9      1   0.00    305     27  404.0  404.0  404.0
   94.0  16750  -63.6  -91.9      1   0.00    300     35  411.7  411.7  411.7
   86.0  17296  -63.3  -91.9      1   0.00    310     22  423.0  423.0  423.0
   81.0  17664  -63.0  -91.9      1   0.00    280     25  430.8  430.8  430.8
   78.2  17880  -62.9  -91.9      1   0.00    291     29  435.5  435.5  435.5
   75.0  18139  -60.9  -90.4      1   0.00    305     34  444.9  445.0  444.9
   72.6  18341  -59.3  -89.3      1   0.00    326     21  452.4  452.4  452.4
   69.0  18656  -60.8  -90.1      1   0.00      0      0  455.9  456.0  455.9
   62.2  19299  -63.7  -91.7      1   0.00    326     19  463.1  463.1  463.1
   61.0  19419  -63.3  -91.5      1   0.00    320     23  466.5  466.5  466.5
   52.0  20408  -60.4  -90.0      1   0.00    260     15  495.2  495.2  495.2
   49.6  20701  -59.5  -89.5      1   0.00    313     14  504.0  504.0  504.0
   48.0  20907  -58.9  -89.1      1   0.00    350     13  510.1  510.1  510.1
   42.0  21748  -56.6  -87.6      1   0.00    275      5  535.6  535.7  535.6
   41.7  21793  -56.5  -87.5      1   0.00    273      6  537.0  537.1  537.0
   39.0  22215  -58.9  -89.1      1   0.00    255     20  541.4  541.5  541.4
   38.1  22361  -59.7  -89.7      1   0.00    273     19  542.9  543.0  542.9
   37.0  22544  -59.9  -89.6      1   0.00    295     18  547.0  547.0  547.0
   34.9  22909  -60.3  -89.3      1   0.00    291     19  555.1  555.2  555.1
   29.0  24084  -54.3  -85.6      1   0.01    280     24  601.7  601.8  601.7
   27.4  24444  -52.5  -84.5      1   0.01    308     18  616.7  616.8  616.7
   27.0  24538  -52.7  -84.6      1   0.01    315     16  618.8  618.9  618.8
   26.0  24780  -53.2  -84.9      1   0.01    260      3  624.1  624.2  624.1
   23.0  25567  -54.7  -86.0      1   0.01    320      7  641.8  641.9  641.8
   21.6  25970  -55.5  -86.5      1   0.01    258     19  651.1  651.2  651.1
   21.0  26152  -54.9  -86.1      1   0.01    230     25  658.1  658.2  658.1
   20.0  26468  -53.9  -85.4      1   0.01    260     26  670.3  670.5  670.3
#   15.0  28332  -48.1  -81.1      1   0.04                747.1  747.5  747.1
