#
#16080 LIML Milano Observations at 00Z 09 Oct 2017
#-----------------------------------------------------------------------------
#   PRES   HGHT   TEMP   DWPT   RELH   MIXR   DRCT   SKNT   THTA   THTE   THTV
#    hPa     m      C      C      %    g/kg    deg   knot     K      K      K 
#-----------------------------------------------------------------------------
 1004.0    103   14.4   10.3     76   7.89    340      1  287.2  309.5  288.6
 1000.0    135   15.0    9.0     67   7.25    335      1  288.1  308.8  289.4
  995.0    178   16.4    9.4     63   7.49    325      2  290.0  311.4  291.3
  957.0    508   13.8    9.0     73   7.58    250      9  290.6  312.3  291.9
  952.0    552   14.2    8.4     68   7.32    240     10  291.4  312.5  292.6
  940.0    660   15.0    7.0     59   6.73    247      9  293.3  312.9  294.5
  925.0    796   14.0    6.0     59   6.38    255      8  293.6  312.3  294.8
  850.0   1502    8.4   -1.6     49   4.02    350      8  294.9  307.0  295.6
  831.0   1688    7.4   -3.6     46   3.54    347      9  295.8  306.6  296.4
  777.0   2232    3.3   -3.7     60   3.77    340     10  297.1  308.6  297.8
  760.0   2410    2.0   -3.7     66   3.84    335     11  297.6  309.3  298.3
  743.0   2593    0.6   -3.7     73   3.92    305     11  298.0  310.0  298.7
  710.0   2961   -2.2   -3.8     89   4.09    300     14  298.9  311.3  299.6
  706.0   3006   -2.5   -3.8     91   4.11    306     14  299.0  311.5  299.7
  700.0   3074   -2.3   -6.4     73   3.40    315     14  299.9  310.4  300.5
  693.0   3154   -2.1  -14.1     39   1.86    325     13  301.0  307.0  301.3
  689.0   3200   -2.0  -17.2     30   1.45    330     13  301.6  306.3  301.8
  679.0   3317   -1.9  -24.9     15   0.75    319     14  303.0  305.6  303.1
  675.0   3364   -1.8  -23.6     17   0.85    315     14  303.6  306.5  303.7
  669.0   3435   -1.7  -21.7     20   1.01    320     14  304.5  307.9  304.7
  656.0   3588   -2.8  -22.2     21   0.99    330     13  305.0  308.4  305.2
  534.0   5188  -13.9  -27.4     31   0.76    300     24  310.2  312.8  310.3
  524.0   5335  -14.9  -27.9     32   0.74    306     23  310.6  313.2  310.8
  513.0   5496  -15.9  -35.9     16   0.35    312     23  311.3  312.6  311.4
  500.0   5690  -15.5  -45.5      6   0.13    320     22  314.1  314.6  314.1
  499.0   5705  -15.3  -44.3      6   0.15    321     22  314.5  315.1  314.5
  491.0   5824  -16.3  -44.0      7   0.16    325     25  314.8  315.4  314.8
  406.0   7221  -27.6  -40.8     27   0.27    295     26  317.7  318.7  317.7
  400.0   7330  -28.5  -40.5     31   0.28    295     26  317.9  318.9  317.9
  367.0   7940  -33.7  -41.7     44   0.27    297     30  318.9  319.9  318.9
  344.0   8390  -37.5  -47.5     34   0.15    298     32  319.6  320.3  319.7
  300.0   9320  -44.3  -55.3     28   0.07    300     38  322.8  323.1  322.8
  283.0   9710  -47.5  -61.5     18   0.03    302     38  323.6  323.8  323.6
  254.0  10418  -53.1  -56.4     67   0.07    305     39  325.5  325.8  325.5
  250.0  10520  -53.7  -57.5     63   0.06    305     39  326.1  326.4  326.1
  247.0  10597  -53.9  -60.9     42   0.04    305     39  326.9  327.1  326.9
  237.0  10862  -54.7  -66.7     21   0.02    305     40  329.6  329.7  329.6
  230.0  11053  -55.5  -67.5     21   0.02    305     41  331.2  331.3  331.2
  216.0  11451  -55.9  -70.6     14   0.01    310     40  336.7  336.7  336.7
  200.0  11940  -56.3  -74.3      9   0.01    305     38  343.4  343.5  343.4
  196.0  12068  -56.5  -74.9      8   0.01    310     37  345.1  345.2  345.1
  188.0  12331  -56.9  -76.2      7   0.01    295     36  348.6  348.6  348.6
  168.0  13043  -58.0  -79.6      5   0.00    315     46  358.2  358.2  358.2
  160.0  13352  -58.5  -81.1      4   0.00    310     37  362.4  362.4  362.4
  155.0  13553  -58.8  -82.1      3   0.00    295     44  365.2  365.2  365.2
  150.0  13760  -59.1  -83.1      3   0.00    300     49  368.1  368.1  368.1
  148.0  13844  -59.1  -83.2      3   0.00    300     49  369.4  369.4  369.4
  138.0  14282  -59.3  -83.9      3   0.00    320     42  376.6  376.7  376.6
  125.0  14902  -59.5  -84.8      2   0.00    305     31  387.1  387.1  387.1
  121.0  15106  -59.5  -85.1      2   0.00    300     37  390.6  390.6  390.6
  117.0  15316  -59.6  -85.4      2   0.00    305     41  394.2  394.2  394.2
  113.0  15534  -59.7  -85.8      2   0.00    315     34  398.0  398.1  398.0
  100.0  16300  -59.9  -86.9      2   0.00    310     18  411.7  411.7  411.7
   93.0  16752  -60.3  -87.3      2   0.00    290     18  419.6  419.6  419.6
   85.0  17312  -60.8  -87.8      2   0.00    305     20  429.4  429.5  429.4
   83.0  17460  -60.9  -87.9      2   0.00    285     15  432.1  432.1  432.1
   82.0  17535  -61.0  -88.0      2   0.00    270     19  433.5  433.5  433.5
   75.0  18091  -61.5  -88.5      2   0.00    285     34  443.6  443.6  443.6
   71.0  18432  -61.8  -88.8      2   0.00    325     25  450.0  450.0  450.0
   70.0  18520  -61.9  -88.9      2   0.00    325     24  451.6  451.6  451.6
   68.0  18699  -62.1  -89.1      2   0.00    315     21  455.0  455.1  455.0
   65.0  18977  -62.3  -89.3      2   0.00    309     29  460.4  460.4  460.4
   63.0  19171  -61.4  -89.3      1   0.00    305     35  466.6  466.6  466.6
   60.0  19474  -59.9  -89.2      1   0.00    320     23  476.4  476.4  476.4
   59.0  19579  -59.4  -89.2      1   0.00    310     17  479.8  479.9  479.8
   58.0  19685  -58.9  -89.1      1   0.00    285     12  483.3  483.4  483.4
   56.5  19848  -58.1  -89.1      1   0.00    294     11  488.8  488.8  488.8
   54.0  20130  -59.1  -89.4      1   0.00    310     10  492.7  492.8  492.7
   52.0  20365  -60.0  -89.6      1   0.00      0     13  496.1  496.1  496.1
   51.0  20487  -60.5  -89.8      1   0.00    355     10  497.8  497.8  497.8
   50.0  20610  -60.9  -89.9      1   0.00    295     10  499.5  499.6  499.5
   49.7  20647  -61.3  -90.3      1   0.00    291     11  499.5  499.5  499.5
   49.0  20736  -60.8  -90.2      1   0.00    280     15  502.8  502.8  502.8
   48.0  20866  -60.0  -90.0      1   0.00    305     26  507.6  507.6  507.6
   45.0  21271  -57.5  -89.4      1   0.00    325     11  523.1  523.1  523.1
   44.0  21411  -56.6  -89.2      1   0.00    250      2  528.5  528.6  528.6
   43.4  21498  -56.1  -89.1      1   0.00    220      7  531.9  532.0  531.9
   43.0  21556  -56.1  -89.1      1   0.00    200     10  533.4  533.4  533.4
   41.0  21859  -55.9  -88.9      1   0.00    245     12  541.0  541.1  541.0
   38.0  22342  -55.7  -88.7      1   0.00    230     13  553.5  553.5  553.5
   37.8  22376  -55.7  -88.7      1   0.00    233     13  554.4  554.4  554.4
   35.0  22863  -56.9  -88.8      1   0.00    270     15  563.6  563.6  563.6
   34.0  23046  -57.3  -88.8      1   0.00    255     13  567.1  567.1  567.1
   33.0  23235  -57.8  -88.9      1   0.00    280     14  570.7  570.8  570.7
   32.8  23273  -57.9  -88.9      1   0.00    277     14  571.5  571.5  571.5
   32.0  23430  -56.9  -88.7      1   0.00    265     12  578.2  578.2  578.2
   31.0  23632  -55.6  -88.5      1   0.01    305     21  586.9  586.9  586.9
   30.0  23840  -54.3  -88.3      1   0.01    310     11  596.0  596.1  596.0
   28.9  24080  -52.7  -87.7      1   0.01    294      8  606.8  606.9  606.8
   27.0  24514  -53.8  -87.8      1   0.01    265      2  615.7  615.8  615.7
   25.0  25005  -55.0  -88.0      1   0.01    235     28  625.9  626.0  625.9
   24.0  25266  -55.6  -88.0      1   0.01    255     24  631.4  631.5  631.4
   23.3  25455  -56.1  -88.1      1   0.01    257     23  635.4  635.5  635.4
   21.0  26119  -53.9  -87.3      1   0.01    265     21  661.1  661.2  661.1
   20.0  26430  -52.9  -86.9      1   0.01    270     22  673.5  673.6  673.5
   19.0  26763  -51.3  -86.6      1   0.01    285     24  688.4  688.5  688.4
   18.0  27114  -49.6  -86.4      1   0.01    245     24  704.3  704.5  704.3
   17.8  27186  -49.3  -86.3      1   0.01    249     23  707.7  707.8  707.7
   17.0  27486  -49.7  -86.4      1   0.01    265     21  715.8  716.0  715.8
   15.4  28131  -50.5  -86.5      1   0.01    245     22  733.6  733.8  733.6
   15.0  28305  -50.1  -86.4      1   0.02    240     22  740.6  740.8  740.6
   14.0  28759  -48.9  -86.1      1   0.02    260     27  759.2  759.4  759.2
   12.0  29774  -46.4  -85.4      0   0.02    245     25  802.4  802.7  802.4
   11.1  30288  -45.1  -85.1      0   0.03    245     40  825.1  825.4  825.1
   11.0  30348  -45.3  -85.2      0   0.03    245     42  826.5  826.9  826.6
   10.2  30849  -46.9  -85.9      0   0.02    261     43  838.6  838.9  838.6
   10.0  30980  -46.5  -85.5      0   0.03    265     43  844.9  845.2  844.9
    9.0  31680  -46.3  -85.3      0   0.03    265     50  871.5  872.0  871.6
    8.3  32217  -46.1  -85.1      0   0.03    262     35  892.6  893.1  892.6
    8.0  32464  -44.6  -84.0      0   0.04    260     28  908.0  908.6  908.1
#    7.6  32808  -42.5  -82.5      0   0.06                929.9  930.7  929.9
