#
#16113  Cuneo-Levaldigi Observations at 00Z 09 Oct 2017
#-----------------------------------------------------------------------------
#   PRES   HGHT   TEMP   DWPT   RELH   MIXR   DRCT   SKNT   THTA   THTE   THTV
#    hPa     m      C      C      %    g/kg    deg   knot     K      K      K 
#-----------------------------------------------------------------------------
# 1000.0    136                                                               
#  971.0           7.6    3.7     76   5.16    175      2  283.1  297.7  284.0
#  964.0          14.2    6.2     59   6.20    150      2  290.4  308.3  291.5
#  961.0          14.6    6.6     59   6.40    140      2  291.0  309.6  292.2
#  934.0          15.2    1.2     39   4.49     43      3  294.0  307.4  294.8
  925.0    796   15.2    5.2     51   6.03     10      3  294.8  312.6  295.9
  923.0    814   15.0    4.0     48   5.55     13      3  294.8  311.3  295.8
  850.0   1505   10.0    1.0     54   4.86    120      3  296.6  311.2  297.5
  725.0   2806    0.4   -5.6     64   3.49    357      4  299.9  310.7  300.5
  720.0   2862    1.4  -10.6     40   2.38    352      4  301.6  309.1  302.0
  700.0   3088    0.2  -12.8     37   2.05    330      4  302.7  309.3  303.1
  695.0   3145    0.3  -14.0     33   1.88    315      4  303.4  309.5  303.7
  684.0   3273    0.4  -16.6     27   1.53    337      8  304.9  310.0  305.2
  675.0   3379    0.1  -18.0     24   1.38    355     12  305.8  310.4  306.0
  668.0   3462   -0.1  -19.1     22   1.27    355     12  306.4  310.7  306.6
  659.0   3568   -0.8  -20.4     21   1.16    355     12  306.8  310.7  307.0
  618.0   4067   -4.2  -26.3     16   0.73    310     14  308.6  311.1  308.7
  575.0   4627   -8.0  -33.0     11   0.42    295     19  310.6  312.1  310.7
  512.0   5529  -14.1  -43.8      6   0.15    325     25  313.7  314.3  313.7
  508.0   5590  -14.5  -44.5      6   0.14    323     26  313.9  314.4  313.9
  500.0   5710  -15.3  -40.3     10   0.23    320     27  314.3  315.2  314.4
  472.0   6140  -18.4  -42.0     11   0.20    320     30  315.8  316.6  315.8
  438.0   6699  -22.3  -44.3     12   0.17    320     28  317.6  318.2  317.6
  400.0   7360  -27.9  -44.9     18   0.18    320     26  318.6  319.3  318.7
  345.0   8400  -36.5  -49.4     25   0.12    315     17  320.8  321.3  320.8
  333.0   8649  -38.5  -50.5     27   0.11    318     20  321.3  321.7  321.3
  305.0   9248  -42.3  -61.3     11   0.03    324     28  324.1  324.2  324.1
  300.0   9360  -43.3  -59.3     15   0.04    325     30  324.2  324.4  324.2
  294.0   9494  -44.4  -59.0     18   0.05    325     30  324.6  324.8  324.6
  262.0  10256  -50.5  -57.5     43   0.06    311     34  326.4  326.7  326.5
  250.0  10560  -51.9  -64.9     20   0.02    305     35  328.8  328.9  328.8
  244.0  10716  -52.9  -64.9     22   0.03    305     38  329.6  329.7  329.6
  232.0  11040  -52.7  -69.7     11   0.01    305     44  334.7  334.7  334.7
  230.0  11095  -53.0  -69.9     11   0.01    305     45  334.9  335.0  335.0
  209.0  11702  -56.9  -72.2     13   0.01    305     35  338.2  338.2  338.2
  205.0  11825  -57.7  -72.7     13   0.01    300     32  338.8  338.9  338.8
  204.0  11856  -57.6  -73.2     12   0.01    295     32  339.4  339.5  339.4
  200.0  11980  -57.3  -75.3      8   0.01    290     35  341.9  341.9  341.9
  197.0  12076  -57.2  -75.7      8   0.01    285     39  343.5  343.6  343.5
  182.0  12578  -56.6  -78.0      5   0.01    305     53  352.3  352.3  352.3
  169.0  13049  -56.1  -80.1      3   0.00    319     37  360.7  360.7  360.7
  168.0  13086  -56.3  -80.2      3   0.00    320     36  361.0  361.0  361.0
  160.0  13393  -58.1  -81.2      4   0.00    300     29  363.0  363.0  363.0
  157.0  13513  -58.8  -81.6      4   0.00    290     31  363.8  363.8  363.8
  150.0  13800  -60.5  -82.5      4   0.00    295     39  365.6  365.7  365.6
  149.0  13842  -60.7  -82.7      4   0.00    295     41  366.0  366.0  366.0
  141.0  14186  -60.7  -83.1      4   0.00    315     47  371.8  371.8  371.8
  121.0  15141  -60.7  -84.3      3   0.00    310     35  388.4  388.4  388.4
  117.0  15350  -60.7  -84.5      3   0.00    290     32  392.2  392.2  392.2
  104.0  16085  -60.7  -85.4      3   0.00    315     29  405.6  405.6  405.6
  100.0  16330  -60.7  -85.7      2   0.00    300     34  410.2  410.2  410.2
   93.0  16780  -62.7  -87.7      2   0.00    315     23  414.8  414.8  414.8
   91.0  16915  -62.0  -87.6      2   0.00    320     20  418.8  418.9  418.8
   83.9  17420  -59.3  -87.3      2   0.00    307     12  434.1  434.1  434.1
   83.0  17487  -59.7  -87.4      2   0.00    305     11  434.7  434.7  434.7
   77.0  17953  -62.4  -87.8      2   0.00    270     17  438.4  438.4  438.4
   73.5  18241  -64.1  -88.1      2   0.00    285     21  440.7  440.7  440.7
   70.0  18540  -64.1  -89.1      2   0.00    300     26  446.9  446.9  446.9
   68.7  18654  -64.5  -89.5      2   0.00    306     28  448.4  448.5  448.4
   66.0  18903  -62.9  -89.1      2   0.00    320     32  457.1  457.1  457.1
   63.0  19191  -61.1  -88.7      2   0.00    295     28  467.2  467.2  467.2
   59.0  19597  -58.5  -88.0      1   0.00    335     11  481.8  481.9  481.8
   58.1  19692  -57.9  -87.9      1   0.00    295     11  485.3  485.4  485.3
   58.0  19703  -57.9  -87.9      1   0.00    290     11  485.5  485.5  485.5
   56.0  19922  -58.6  -88.1      1   0.00    280     14  488.9  488.9  488.9
   52.0  20385  -60.0  -88.5      1   0.00    315     11  496.1  496.2  496.1
   50.0  20630  -60.7  -88.7      1   0.00    280      7  500.0  500.0  500.0
   48.0  20884  -61.2  -89.2      1   0.00    270     14  504.8  504.8  504.8
   46.6  21068  -61.5  -89.5      1   0.00    308     15  508.2  508.3  508.2
   46.0  21149  -60.9  -89.3      1   0.00    325     15  511.7  511.7  511.7
   45.0  21287  -59.8  -89.0      1   0.00    340     18  517.5  517.5  517.5
   43.0  21572  -57.6  -88.2      1   0.00      0     10  529.8  529.8  529.8
   42.6  21630  -57.1  -88.1      1   0.00     48      7  532.3  532.3  532.3
   42.0  21720  -57.8  -88.2      1   0.00    120      3  532.9  532.9  532.9
   40.6  21933  -59.3  -88.3      1   0.00    183      8  534.2  534.2  534.2
   40.0  22027  -59.1  -88.2      1   0.00    210     10  537.0  537.0  537.0
   37.0  22521  -57.9  -87.8      1   0.00    235     19  552.1  552.2  552.1
   35.0  22873  -57.0  -87.5      1   0.01    270     25  563.2  563.2  563.2
   33.0  23246  -56.1  -87.2      1   0.01    295      8  575.1  575.1  575.1
   32.0  23441  -55.7  -87.0      1   0.01    265     13  581.4  581.5  581.4
   31.0  23642  -55.2  -86.9      1   0.01    295     15  588.0  588.1  588.0
   30.0  23850  -54.7  -86.7      1   0.01    295     12  594.9  595.0  594.9
   29.0  24068  -53.6  -86.4      1   0.01    260      7  603.6  603.7  603.6
   28.0  24293  -52.6  -86.1      1   0.01    295     14  612.7  612.8  612.7
   27.4  24432  -51.9  -85.9      1   0.01    262      8  618.4  618.5  618.4
   27.0  24527  -52.1  -86.0      1   0.01    240      4  620.3  620.4  620.3
   26.0  24769  -52.7  -86.2      1   0.01    215     23  625.4  625.5  625.5
   24.0  25282  -53.9  -86.8      1   0.01    265     20  636.4  636.5  636.4
   22.0  25840  -55.2  -87.4      1   0.01    270     15  648.5  648.6  648.5
   21.6  25958  -55.5  -87.5      1   0.01    265     17  651.1  651.2  651.1
   20.0  26450  -53.1  -87.1      1   0.01    245     26  672.9  673.0  672.9
   19.0  26783  -52.1  -86.5      1   0.01    265     29  685.9  686.0  685.9
   18.0  27135  -51.0  -85.9      1   0.01    255     27  699.9  700.1  699.9
   16.0  27900  -48.8  -84.6      1   0.02    270     23  731.4  731.6  731.4
   15.8  27982  -48.5  -84.5      1   0.02    269     22  734.8  735.0  734.8
   15.0  28325  -48.3  -84.4      1   0.02    265     19  746.5  746.8  746.5
   13.0  29268  -47.7  -84.1      1   0.03    265     34  779.8  780.1  779.8
